time;seed;meanv;varv;mean_baseline_influx;var_baseline_influx;mean_stress_influx;var_stress_influx;mean_vigilance_influx;var_vigilance_influx;mean_removal;var_removal;mean_stress_hormone;var_stress_hormone;n_attacked,n_death_damage,n_death_predator,ntotalalive
0;1166387219;0.3;8.45157e-15;0;0;0;0;0;0;0;0;0.036;-1.1666e-16;0.4;-1.55154e-14;0;4000;0;0;
1;1166387219;0.3;8.45157e-15;0;0;0;0;0;0;0;0;0.0684;3.53016e-16;0.4;-1.55154e-14;0;4000;0;0;
2;1166387219;0.3;8.45157e-15;0;0;0;0;0;0;0;0;0.09756;1.83881e-15;0.4;-1.55154e-14;0;4000;0;0;
3;1166387219;0.3;8.45157e-15;0;0;0;0;0;0;0;0;0.123804;-8.8124e-16;0.4;-1.55154e-14;0;4000;0;0;
4;1166387219;0.3;8.45157e-15;0;0;0;0;0;0;0;0;0.147424;-2.68535e-15;0.4;-1.55154e-14;0;4000;0;0;
5;1166387219;0.3;8.45157e-15;0;0;0;0;0;0;0;0;0.168681;9.78384e-16;0.4;-1.55154e-14;0;4000;0;0;
6;1166387219;0.3;8.45157e-15;0;0;0;0;0;0;0;0;0.187813;1.6584e-15;0.4;-1.55154e-14;0;4000;0;0;
7;1166387219;0.3;8.45157e-15;0;0;0;0;0;0;0;0;0.205032;-2.20657e-15;0.4;-1.55154e-14;0;4000;0;0;
8;1166387219;0.3;8.45157e-15;0;0;0;0;0;0;0;0;0.220529;-1.63758e-15;0.4;-1.55154e-14;0;4000;0;0;
9;1166387219;0.3;8.45157e-15;0;0;0;0;0;0;0;0;0.234476;2.21351e-15;0.4;-1.55154e-14;0;4000;0;0;
10;1166387219;0.3;8.45157e-15;0;0;0;0;0;0;0;0;0.247028;1.72085e-14;0.4;-1.55154e-14;0;4000;0;0;
11;1166387219;0.3;8.45157e-15;0;0;0;0;0;0;0;0;0.258325;-1.94289e-15;0.4;-1.55154e-14;0;4000;0;0;
12;1166387219;0.3;8.45157e-15;0;0;0;0;0;0;0;0;0.268493;-5.71765e-15;0.4;-1.55154e-14;0;4000;0;0;
13;1166387219;0.3;8.45157e-15;0;0;0;0;0;0;0;0;0.277644;7.91034e-16;0.4;-1.55154e-14;0;4000;0;0;
14;1166387219;0.3;8.45157e-15;0;0;0;0;0;0;0;0;0.285879;7.25808e-15;0.4;-1.55154e-14;0;4000;0;0;
15;1166387219;0.3;8.45157e-15;0;0;0;0;0;0;0;0;0.293291;-1.10745e-14;0.4;-1.55154e-14;0;4000;0;0;
16;1166387219;0.3;8.45157e-15;0;0;0;0;0;0;0;0;0.299962;1.17684e-14;0.4;-1.55154e-14;0;4000;0;0;
17;1166387219;0.3;8.45157e-15;0;0;0;0;0;0;0;0;0.305966;1.12826e-14;0.4;-1.55154e-14;0;4000;0;0;
18;1166387219;0.3;8.45157e-15;0;0;0;0;0;0;0;0;0.311369;-1.39194e-14;0.4;-1.55154e-14;0;4000;0;0;
19;1166387219;0.3;8.45157e-15;0;0;0;0;0;0;0;0;0.316232;3.34455e-15;0.4;-1.55154e-14;0;4000;0;0;
20;1166387219;0.3;8.45157e-15;0;0;0;0;0;0;0;0;0.320609;1.24761e-14;0.4;-1.55154e-14;0;4000;0;0;
21;1166387219;0.3;8.45157e-15;0;0;0;0;0;0;0;0;0.324548;1.65701e-14;0.4;-1.55154e-14;0;4000;0;0;
22;1166387219;0.3;8.45157e-15;0;0;0;0;0;0;0;0;0.328093;2.21351e-14;0.4;-1.55154e-14;0;4000;0;0;
23;1166387219;0.3;8.45157e-15;0;0;0;0;0;0;0;0;0.331284;-4.4964e-15;0.4;-1.55154e-14;0;4000;0;0;
24;1166387219;0.3;8.45157e-15;0;0;0;0;0;0;0;0;0.334156;-1.23512e-14;0.4;-1.55154e-14;0;4000;0;0;
25;1166387219;0.3;8.45157e-15;0;0;0;0;0;0;0;0;0.33674;-9.63118e-15;0.4;-1.55154e-14;0;4000;0;0;
26;1166387219;0.3;8.45157e-15;0;0;0;0;0;0;0;0;0.339066;2.35506e-14;0.4;-1.55154e-14;0;4000;0;0;
27;1166387219;0.3;8.45157e-15;0;0;0;0;0;0;0;0;0.341159;8.77076e-15;0.4;-1.55154e-14;0;4000;0;0;
28;1166387219;0.3;8.45157e-15;0;0;0;0;0;0;0;0;0.343044;-7.72993e-15;0.4;-1.55154e-14;0;4000;0;0;
29;1166387219;0.3;8.45157e-15;0;0;0;0;0;0;0;0;0.344739;-6.81399e-15;0.4;-1.55154e-14;0;4000;0;0;
30;1166387219;0.3;8.45157e-15;0;0;0;0;0;0;0;0;0.346265;1.29063e-14;0.4;-1.55154e-14;0;4000;0;0;
31;1166387219;0.3;8.45157e-15;0;0;0;0;0;0;0;0;0.347639;-4.77396e-15;0.4;-1.55154e-14;0;4000;0;0;
32;1166387219;0.3;8.45157e-15;0;0;0;0;0;0;0;0;0.348875;1.54737e-14;0.4;-1.55154e-14;0;4000;0;0;
33;1166387219;0.3;8.45157e-15;0;0;0;0;0;0;0;0;0.349987;1.59039e-14;0.4;-1.55154e-14;0;4000;0;0;
34;1166387219;0.3;8.45157e-15;0;0;0;0;0;0;0;0;0.350989;-1.27259e-14;0.4;-1.55154e-14;0;4000;0;0;
35;1166387219;0.3;8.45157e-15;0;0;0;0;0;0;0;0;0.35189;7.36911e-15;0.4;-1.55154e-14;0;4000;0;0;
36;1166387219;0.3;8.45157e-15;0;0;0;0;0;0;0;0;0.352701;4.92661e-15;0.4;-1.55154e-14;0;4000;0;0;
37;1166387219;0.3;8.45157e-15;0;0;0;0;0;0;0;0;0.353431;1.75832e-14;0.4;-1.55154e-14;0;4000;0;0;
38;1166387219;0.3;8.45157e-15;0;0;0;0;0;0;0;0;0.354088;-2.42861e-14;0.4;-1.55154e-14;0;4000;0;0;
39;1166387219;0.3;8.45157e-15;0;0;0;0;0;0;0;0;0.354679;-3.69149e-15;0.4;-1.55154e-14;0;4000;0;0;
40;1166387219;0.3;8.45157e-15;0;0;0;0;0;0;0;0;0.355211;1.33782e-14;0.4;-1.55154e-14;0;4000;0;0;
41;1166387219;0.3;8.45157e-15;0;0;0;0;0;0;0;0;0.35569;2.05946e-14;0.4;-1.55154e-14;0;4000;0;0;
42;1166387219;0.3;8.45157e-15;0;0;0;0;0;0;0;0;0.356121;1.12688e-14;0.4;-1.55154e-14;0;4000;0;0;
43;1166387219;0.3;8.45157e-15;0;0;0;0;0;0;0;0;0.356509;-1.03528e-14;0.4;-1.55154e-14;0;4000;0;0;
44;1166387219;0.3;8.45157e-15;0;0;0;0;0;0;0;0;0.356858;1.82354e-14;0.4;-1.55154e-14;0;4000;0;0;
45;1166387219;0.3;8.45157e-15;0;0;0;0;0;0;0;0;0.357172;-8.9373e-15;0.4;-1.55154e-14;0;4000;0;0;
46;1166387219;0.3;8.45157e-15;0;0;0;0;0;0;0;0;0.357455;2.60625e-14;0.4;-1.55154e-14;0;4000;0;0;
47;1166387219;0.3;8.45157e-15;0;0;0;0;0;0;0;0;0.357709;2.12608e-14;0.4;-1.55154e-14;0;4000;0;0;
48;1166387219;0.3;8.45157e-15;0;0;0;0;0;0;0;0;0.357938;5.55112e-15;0.4;-1.55154e-14;0;4000;0;0;
49;1166387219;0.3;8.45157e-15;0;0;0;0;0;0;0;0;0.358145;1.94567e-14;0.4;-1.55154e-14;0;4000;0;0;
50;1166387219;0.3;8.45157e-15;0;0;0;0;0;0;0;0;0.35833;-1.8735e-14;0.4;-1.55154e-14;0;4000;0;0;
51;1166387219;0.3;8.45157e-15;0;0;0;0;0;0;0;0;0.358497;9.07607e-15;0.4;-1.55154e-14;0;4000;0;0;
52;1166387219;0.3;8.45157e-15;0;0;0;0;0;0;0;0;0.358647;1.94289e-16;0.4;-1.55154e-14;0;4000;0;0;
53;1166387219;0.3;8.45157e-15;0;0;0;0;0;0;0;0;0.358783;-6.21725e-15;0.4;-1.55154e-14;0;4000;0;0;
54;1166387219;0.3;8.45157e-15;0;0;0;0;0;0;0;0;0.358904;7.96585e-15;0.4;-1.55154e-14;0;4000;0;0;
55;1166387219;0.3;8.45157e-15;0;0;0;0;0;0;0;0;0.359014;-5.77316e-15;0.4;-1.55154e-14;0;4000;0;0;
56;1166387219;0.3;8.45157e-15;0;0;0;0;0;0;0;0;0.359113;1.80966e-14;0.4;-1.55154e-14;0;4000;0;0;
57;1166387219;0.3;8.45157e-15;0;0;0;0;0;0;0;0;0.359201;1.95399e-14;0.4;-1.55154e-14;0;4000;0;0;
58;1166387219;0.3;8.45157e-15;0;0;0;0;0;0;0;0;0.359281;1.33782e-14;0.4;-1.55154e-14;0;4000;0;0;
59;1166387219;0.3;8.45157e-15;0;0;0;0;0;0;0;0;0.359353;2.41474e-15;0.4;-1.55154e-14;0;4000;0;0;
60;1166387219;0.3;8.45157e-15;0;0;0;0;0;0;0;0;0.359418;1.29063e-14;0.4;-1.55154e-14;0;4000;0;0;
61;1166387219;0.3;8.45157e-15;0;0;0;0;0;0;0;0;0.359476;2.45637e-14;0.4;-1.55154e-14;0;4000;0;0;
62;1166387219;0.3;8.45157e-15;0;0;0;0;0;0;0;0;0.359528;-2.7145e-14;0.4;-1.55154e-14;0;4000;0;0;
63;1166387219;0.3;8.45157e-15;0;0;0;0;0;0;0;0;0.359576;5.88418e-15;0.4;-1.55154e-14;0;4000;0;0;
64;1166387219;0.3;8.45157e-15;0;0;0;0;0;0;0;0;0.359618;-6.80012e-15;0.4;-1.55154e-14;0;4000;0;0;
65;1166387219;0.3;8.45157e-15;0;0;0;0;0;0;0;0;0.359656;8.96505e-15;0.4;-1.55154e-14;0;4000;0;0;
66;1166387219;0.3;8.45157e-15;0;0;0;0;0;0;0;0;0.359691;4.88498e-15;0.4;-1.55154e-14;0;4000;0;0;
67;1166387219;0.3;8.45157e-15;0;0;0;0;0;0;0;0;0.359722;-1.7264e-14;0.4;-1.55154e-14;0;4000;0;0;
68;1166387219;0.3;8.45157e-15;0;0;0;0;0;0;0;0;0.359749;2.56739e-14;0.4;-1.55154e-14;0;4000;0;0;
69;1166387219;0.3;8.45157e-15;0;0;0;0;0;0;0;0;0.359774;-2.05114e-14;0.4;-1.55154e-14;0;4000;0;0;
70;1166387219;0.3;8.45157e-15;0;0;0;0;0;0;0;0;0.359797;2.77556e-15;0.4;-1.55154e-14;0;4000;0;0;
71;1166387219;0.3;8.45157e-15;0;0;0;0;0;0;0;0;0.359817;-8.65974e-15;0.4;-1.55154e-14;0;4000;0;0;
72;1166387219;0.3;8.45157e-15;0;0;0;0;0;0;0;0;0.359836;1.62648e-14;0.4;-1.55154e-14;0;4000;0;0;
73;1166387219;0.3;8.45157e-15;0;0;0;0;0;0;0;0;0.359852;1.8846e-14;0.4;-1.55154e-14;0;4000;0;0;
74;1166387219;0.3;8.45157e-15;0;0;0;0;0;0;0;0;0.359867;-2.98095e-14;0.4;-1.55154e-14;0;4000;0;0;
75;1166387219;0.3;8.45157e-15;0;0;0;0;0;0;0;0;0.35988;1.90958e-14;0.4;-1.55154e-14;0;4000;0;0;
76;1166387219;0.3;8.45157e-15;0;0;0;0;0;0;0;0;0.359892;-7.18869e-15;0.4;-1.55154e-14;0;4000;0;0;
77;1166387219;0.3;8.45157e-15;0;0;0;0;0;0;0;0;0.359903;-1.77913e-14;0.4;-1.55154e-14;0;4000;0;0;
78;1166387219;0.3;8.45157e-15;0;0;0;0;0;0;0;0;0.359913;-3.1003e-14;0.4;-1.55154e-14;0;4000;0;0;
79;1166387219;0.3;8.45157e-15;0;0;0;0;0;0;0;0;0.359921;2.43139e-14;0.4;-1.55154e-14;0;4000;0;0;
80;1166387219;0.3;8.45157e-15;0;0;0;0;0;0;0;0;0.359929;-8.54872e-15;0.4;-1.55154e-14;0;4000;0;0;
81;1166387219;0.3;8.45157e-15;0;0;0;0;0;0;0;0;0.359936;-1.52378e-14;0.4;-1.55154e-14;0;4000;0;0;
82;1166387219;0.3;8.45157e-15;0;0;0;0;0;0;0;0;0.359943;5.71765e-15;0.4;-1.55154e-14;0;4000;0;0;
83;1166387219;0.3;8.45157e-15;0;0;0;0;0;0;0;0;0.359948;1.31839e-14;0.4;-1.55154e-14;0;4000;0;0;
84;1166387219;0.3;8.45157e-15;0;0;0;0;0;0;0;0;0.359954;9.54792e-15;0.4;-1.55154e-14;0;4000;0;0;
85;1166387219;0.3;8.45157e-15;0;0;0;0;0;0;0;0;0.359958;-2.67286e-14;0.4;-1.55154e-14;0;4000;0;0;
86;1166387219;0.3;8.45157e-15;0;0;0;0;0;0;0;0;0.359962;-3.60822e-16;0.4;-1.55154e-14;0;4000;0;0;
87;1166387219;0.3;8.45157e-15;0;0;0;0;0;0;0;0;0.359966;-3.48055e-14;0.4;-1.55154e-14;0;4000;0;0;
88;1166387219;0.3;8.45157e-15;0;0;0;0;0;0;0;0;0.35997;-3.23908e-14;0.4;-1.55154e-14;0;4000;0;0;
89;1166387219;0.3;8.45157e-15;0;0;0;0;0;0;0;0;0.359973;2.63678e-15;0.4;-1.55154e-14;0;4000;0;0;
90;1166387219;0.3;8.45157e-15;0;0;0;0;0;0;0;0;0.359975;-1.94289e-16;0.4;-1.55154e-14;0;4000;0;0;
91;1166387219;0.3;8.45157e-15;0;0;0;0;0;0;0;0;0.359978;-4.996e-15;0.4;-1.55154e-14;0;4000;0;0;
92;1166387219;0.3;8.45157e-15;0;0;0;0;0;0;0;0;0.35998;6.80012e-15;0.4;-1.55154e-14;0;4000;0;0;
93;1166387219;0.3;8.45157e-15;0;0;0;0;0;0;0;0;0.359982;-3.10862e-15;0.4;-1.55154e-14;0;4000;0;0;
94;1166387219;0.3;8.45157e-15;0;0;0;0;0;0;0;0;0.359984;1.39611e-14;0.4;-1.55154e-14;0;4000;0;0;
95;1166387219;0.3;8.45157e-15;0;0;0;0;0;0;0;0;0.359985;-2.21212e-14;0.4;-1.55154e-14;0;4000;0;0;
96;1166387219;0.3;8.45157e-15;0;0;0;0;0;0;0;0;0.359987;4.46865e-15;0.4;-1.55154e-14;0;4000;0;0;
97;1166387219;0.3;8.45157e-15;0;0;0;0;0;0;0;0;0.359988;4.91274e-15;0.4;-1.55154e-14;0;4000;0;0;
98;1166387219;0.3;8.45157e-15;0;0;0;0;0;0;0;0;0.359989;1.54043e-14;0.4;-1.55154e-14;0;4000;0;0;
99;1166387219;0.3;8.45157e-15;0;0;0;0;0;0;0;0;0.35999;1.16573e-14;0.4;-1.55154e-14;0;4000;0;0;
100;1166387219;0.3;8.45157e-15;0;0;0;0;0;0;0;0;0.359991;-1.42664e-14;0.4;-1.55154e-14;0;4000;0;0;
101;1166387219;0.3;8.45157e-15;0;0;0;0;0;0;0;0;0.359992;-8.96505e-15;0.4;-1.55154e-14;0;4000;0;0;
102;1166387219;0.3;8.45157e-15;0;0;0;0;0;0;0;0;0.359993;8.32667e-16;0.4;-1.55154e-14;0;4000;0;0;
103;1166387219;0.3;8.45157e-15;0;0;0;0;0;0;0;0;0.359994;-1.44051e-14;0.4;-1.55154e-14;0;4000;0;0;
104;1166387219;0.3;8.45157e-15;0;0;0;0;0;0;0;0;0.359994;-1.55431e-15;0.4;-1.55154e-14;0;4000;0;0;
105;1166387219;0.3;8.45157e-15;0;0;0;0;0;0;0;0;0.359995;-3.58047e-15;0.4;-1.55154e-14;0;4000;0;0;
106;1166387219;0.3;8.45157e-15;0;0;0;0;0;0;0;0;0.359995;9.71445e-16;0.4;-1.55154e-14;0;4000;0;0;
107;1166387219;0.3;8.45157e-15;0;0;0;0;0;0;0;0;0.359996;8.52096e-15;0.4;-1.55154e-14;0;4000;0;0;
108;1166387219;0.3;8.45157e-15;0;0;0;0;0;0;0;0;0.359996;-6.10623e-15;0.4;-1.55154e-14;0;4000;0;0;
109;1166387219;0.3;8.45157e-15;0;0;0;0;0;0;0;0;0.359997;-3.77476e-15;0.4;-1.55154e-14;0;4000;0;0;
