time;seed;meanv;varv;mean_baseline_influx;var_baseline_influx;mean_stress_influx;var_stress_influx;mean_vigilance_influx;var_vigilance_influx;mean_removal;var_removal;mean_stress_hormone;var_stress_hormone;n_attacked,n_death_damage,n_death_predator,ntotalalive
0;1440642009;0.3;8.45157e-15;0;0;0;0;0;0;0;0;0.036;-1.1666e-16;0.4;-1.55154e-14;0;4000;0;0;
1;1440642009;0.3;8.45157e-15;0;0;0;0;0;0;0;0;0.0684;3.53016e-16;0.4;-1.55154e-14;0;4000;0;0;
2;1440642009;0.3;8.45157e-15;0;0;0;0;0;0;0;0;0.09756;1.83881e-15;0.4;-1.55154e-14;0;4000;0;0;
3;1440642009;0.3;8.45157e-15;0;0;0;0;0;0;0;0;0.123804;-8.8124e-16;0.4;-1.55154e-14;0;4000;0;0;
4;1440642009;0.3;8.45157e-15;0;0;0;0;0;0;0;0;0.147424;-2.68535e-15;0.4;-1.55154e-14;0;4000;0;0;
5;1440642009;0.3;8.45157e-15;0;0;0;0;0;0;0;0;0.168681;9.78384e-16;0.4;-1.55154e-14;0;4000;0;0;
6;1440642009;0.3;8.45157e-15;0;0;0;0;0;0;0;0;0.187813;1.6584e-15;0.4;-1.55154e-14;0;4000;0;0;
7;1440642009;0.3;8.45157e-15;0;0;0;0;0;0;0;0;0.205032;-2.20657e-15;0.4;-1.55154e-14;0;4000;0;0;
8;1440642009;0.3;8.45157e-15;0;0;0;0;0;0;0;0;0.220529;-1.63758e-15;0.4;-1.55154e-14;0;4000;0;0;
9;1440642009;0.3;8.45157e-15;0;0;0;0;0;0;0;0;0.234476;2.21351e-15;0.4;-1.55154e-14;0;4000;0;0;
10;1440642009;0.3;8.45157e-15;0;0;0;0;0;0;0;0;0.247028;1.72085e-14;0.4;-1.55154e-14;0;4000;0;0;
11;1440642009;0.3;8.45157e-15;0;0;0;0;0;0;0;0;0.258325;-1.94289e-15;0.4;-1.55154e-14;0;4000;0;0;
12;1440642009;0.3;8.45157e-15;0;0;0;0;0;0;0;0;0.268493;-5.71765e-15;0.4;-1.55154e-14;0;4000;0;0;
13;1440642009;0.3;8.45157e-15;0;0;0;0;0;0;0;0;0.277644;7.91034e-16;0.4;-1.55154e-14;0;4000;0;0;
14;1440642009;0.3;8.45157e-15;0;0;0;0;0;0;0;0;0.285879;7.25808e-15;0.4;-1.55154e-14;0;4000;0;0;
15;1440642009;0.3;8.45157e-15;0;0;0;0;0;0;0;0;0.293291;-1.10745e-14;0.4;-1.55154e-14;0;4000;0;0;
16;1440642009;0.3;8.45157e-15;0;0;0;0;0;0;0;0;0.299962;1.17684e-14;0.4;-1.55154e-14;0;4000;0;0;
17;1440642009;0.3;8.45157e-15;0;0;0;0;0;0;0;0;0.305966;1.12826e-14;0.4;-1.55154e-14;0;4000;0;0;
18;1440642009;0.3;8.45157e-15;0;0;0;0;0;0;0;0;0.311369;-1.39194e-14;0.4;-1.55154e-14;0;4000;0;0;
19;1440642009;0.3;8.45157e-15;0;0;0;0;0;0;0;0;0.316232;3.34455e-15;0.4;-1.55154e-14;0;4000;0;0;
20;1440642009;0.3;8.45157e-15;0;0;0;0;0;0;0;0;0.320609;1.24761e-14;0.4;-1.55154e-14;0;4000;0;0;
21;1440642009;0.3;8.45157e-15;0;0;0;0;0;0;0;0;0.324548;1.65701e-14;0.4;-1.55154e-14;0;4000;0;0;
22;1440642009;0.3;8.45157e-15;0;0;0;0;0;0;0;0;0.328093;2.21351e-14;0.4;-1.55154e-14;0;4000;0;0;
23;1440642009;0.3;8.45157e-15;0;0;0;0;0;0;0;0;0.331284;-4.4964e-15;0.4;-1.55154e-14;0;4000;0;0;
24;1440642009;0.3;8.45157e-15;0;0;0;0;0;0;0;0;0.334156;-1.23512e-14;0.4;-1.55154e-14;0;4000;0;0;
25;1440642009;0.3;8.45157e-15;0;0;0;0;0;0;0;0;0.33674;-9.63118e-15;0.4;-1.55154e-14;0;4000;0;0;
26;1440642009;0.3;8.45157e-15;0;0;0;0;0;0;0;0;0.339066;2.35506e-14;0.4;-1.55154e-14;0;4000;0;0;
27;1440642009;0.3;8.45157e-15;0;0;0;0;0;0;0;0;0.341159;8.77076e-15;0.4;-1.55154e-14;0;4000;0;0;
28;1440642009;0.3;8.45157e-15;0;0;0;0;0;0;0;0;0.343044;-7.72993e-15;0.4;-1.55154e-14;0;4000;0;0;
29;1440642009;0.3;8.45157e-15;0;0;0;0;0;0;0;0;0.344739;-6.81399e-15;0.4;-1.55154e-14;0;4000;0;0;
30;1440642009;0.3;8.45157e-15;0;0;0;0;0;0;0;0;0.346265;1.29063e-14;0.4;-1.55154e-14;0;4000;0;0;
31;1440642009;0.3;8.45157e-15;0;0;0;0;0;0;0;0;0.347639;-4.77396e-15;0.4;-1.55154e-14;0;4000;0;0;
32;1440642009;0.3;8.45157e-15;0;0;0;0;0;0;0;0;0.348875;1.54737e-14;0.4;-1.55154e-14;0;4000;0;0;
33;1440642009;0.3;8.45157e-15;0;0;0;0;0;0;0;0;0.349987;1.59039e-14;0.4;-1.55154e-14;0;4000;0;0;
34;1440642009;0.3;8.45157e-15;0;0;0;0;0;0;0;0;0.350989;-1.27259e-14;0.4;-1.55154e-14;0;4000;0;0;
35;1440642009;0.3;8.45157e-15;0;0;0;0;0;0;0;0;0.35189;7.36911e-15;0.4;-1.55154e-14;0;4000;0;0;
36;1440642009;0.3;8.45157e-15;0;0;0;0;0;0;0;0;0.352701;4.92661e-15;0.4;-1.55154e-14;0;4000;0;0;
37;1440642009;0.3;8.45157e-15;0;0;0;0;0;0;0;0;0.353431;1.75832e-14;0.4;-1.55154e-14;0;4000;0;0;
38;1440642009;0.3;8.45157e-15;0;0;0;0;0;0;0;0;0.354088;-2.42861e-14;0.4;-1.55154e-14;0;4000;0;0;
39;1440642009;0.3;8.45157e-15;0;0;0;0;0;0;0;0;0.354679;-3.69149e-15;0.4;-1.55154e-14;0;4000;0;0;
40;1440642009;0.3;8.45157e-15;0;0;0;0;0;0;0;0;0.355211;1.33782e-14;0.4;-1.55154e-14;0;4000;0;0;
41;1440642009;0.3;8.45157e-15;0;0;0;0;0;0;0;0;0.35569;2.05946e-14;0.4;-1.55154e-14;0;4000;0;0;
42;1440642009;0.3;8.45157e-15;0;0;0;0;0;0;0;0;0.356121;1.12688e-14;0.4;-1.55154e-14;0;4000;0;0;
43;1440642009;0.3;8.45157e-15;0;0;0;0;0;0;0;0;0.356509;-1.03528e-14;0.4;-1.55154e-14;0;4000;0;0;
44;1440642009;0.3;8.45157e-15;0;0;0;0;0;0;0;0;0.356858;1.82354e-14;0.4;-1.55154e-14;0;4000;0;0;
45;1440642009;0.3;8.45157e-15;0;0;0;0;0;0;0;0;0.357172;-8.9373e-15;0.4;-1.55154e-14;0;4000;0;0;
46;1440642009;0.3;8.45157e-15;0;0;0;0;0;0;0;0;0.357455;2.60625e-14;0.4;-1.55154e-14;0;4000;0;0;
47;1440642009;0.3;8.45157e-15;0;0;0;0;0;0;0;0;0.357709;2.12608e-14;0.4;-1.55154e-14;0;4000;0;0;
48;1440642009;0.3;8.45157e-15;0;0;0;0;0;0;0;0;0.357938;5.55112e-15;0.4;-1.55154e-14;0;4000;0;0;
49;1440642009;0.3;8.45157e-15;0;0;0;0;0;0;0;0;0.358145;1.94567e-14;0.4;-1.55154e-14;0;4000;0;0;
50;1440642009;0.3;8.45157e-15;0;0;0;0;0;0;0;0;0.35833;-1.8735e-14;0.4;-1.55154e-14;0;4000;0;0;
51;1440642009;0.3;8.45157e-15;0;0;0;0;0;0;0;0;0.358497;9.07607e-15;0.4;-1.55154e-14;0;4000;0;0;
52;1440642009;0.3;8.45157e-15;0;0;0;0;0;0;0;0;0.358647;1.94289e-16;0.4;-1.55154e-14;0;4000;0;0;
53;1440642009;0.3;8.45157e-15;0;0;0;0;0;0;0;0;0.358783;-6.21725e-15;0.4;-1.55154e-14;0;4000;0;0;
54;1440642009;0.3;8.45157e-15;0;0;0;0;0;0;0;0;0.358904;7.96585e-15;0.4;-1.55154e-14;0;4000;0;0;
55;1440642009;0.3;8.45157e-15;0;0;0;0;0;0;0;0;0.359014;-5.77316e-15;0.4;-1.55154e-14;0;4000;0;0;
56;1440642009;0.3;8.45157e-15;0;0;0;0;0;0;0;0;0.359113;1.80966e-14;0.4;-1.55154e-14;0;4000;0;0;
57;1440642009;0.3;8.45157e-15;0;0;0;0;0;0;0;0;0.359201;1.95399e-14;0.4;-1.55154e-14;0;4000;0;0;
58;1440642009;0.3;8.45157e-15;0;0;0;0;0;0;0;0;0.359281;1.33782e-14;0.4;-1.55154e-14;0;4000;0;0;
59;1440642009;0.3;8.45157e-15;0;0;0;0;0;0;0;0;0.359353;2.41474e-15;0.4;-1.55154e-14;0;4000;0;0;
60;1440642009;0.3;8.45157e-15;0;0;0;0;0;0;0;0;0.359418;1.29063e-14;0.4;-1.55154e-14;0;4000;0;0;
61;1440642009;0.3;8.45157e-15;0;0;0;0;0;0;0;0;0.359476;2.45637e-14;0.4;-1.55154e-14;0;4000;0;0;
62;1440642009;0.3;8.45157e-15;0;0;0;0;0;0;0;0;0.359528;-2.7145e-14;0.4;-1.55154e-14;0;4000;0;0;
63;1440642009;0.3;8.45157e-15;0;0;0;0;0;0;0;0;0.359576;5.88418e-15;0.4;-1.55154e-14;0;4000;0;0;
64;1440642009;0.3;8.45157e-15;0;0;0;0;0;0;0;0;0.359618;-6.80012e-15;0.4;-1.55154e-14;0;4000;0;0;
65;1440642009;0.3;8.45157e-15;0;0;0;0;0;0;0;0;0.359656;8.96505e-15;0.4;-1.55154e-14;0;4000;0;0;
66;1440642009;0.3;8.45157e-15;0;0;0;0;0;0;0;0;0.359691;4.88498e-15;0.4;-1.55154e-14;0;4000;0;0;
67;1440642009;0.3;8.45157e-15;0;0;0;0;0;0;0;0;0.359722;-1.7264e-14;0.4;-1.55154e-14;0;4000;0;0;
68;1440642009;0.3;8.45157e-15;0;0;0;0;0;0;0;0;0.359749;2.56739e-14;0.4;-1.55154e-14;0;4000;0;0;
69;1440642009;0.3;8.45157e-15;0;0;0;0;0;0;0;0;0.359774;-2.05114e-14;0.4;-1.55154e-14;0;4000;0;0;
70;1440642009;0.3;8.45157e-15;0;0;0;0;0;0;0;0;0.359797;2.77556e-15;0.4;-1.55154e-14;0;4000;0;0;
71;1440642009;0.3;8.45157e-15;0;0;0;0;0;0;0;0;0.359817;-8.65974e-15;0.4;-1.55154e-14;0;4000;0;0;
72;1440642009;0.3;8.45157e-15;0;0;0;0;0;0;0;0;0.359836;1.62648e-14;0.4;-1.55154e-14;0;4000;0;0;
73;1440642009;0.3;8.45157e-15;0;0;0;0;0;0;0;0;0.359852;1.8846e-14;0.4;-1.55154e-14;0;4000;0;0;
74;1440642009;0.3;8.45157e-15;0;0;0;0;0;0;0;0;0.359867;-2.98095e-14;0.4;-1.55154e-14;0;4000;0;0;
75;1440642009;0.3;8.45157e-15;0;0;0;0;0;0;0;0;0.35988;1.90958e-14;0.4;-1.55154e-14;0;4000;0;0;
76;1440642009;0.3;8.45157e-15;0;0;0;0;0;0;0;0;0.359892;-7.18869e-15;0.4;-1.55154e-14;0;4000;0;0;
77;1440642009;0.3;8.45157e-15;0;0;0;0;0;0;0;0;0.359903;-1.77913e-14;0.4;-1.55154e-14;0;4000;0;0;
78;1440642009;0.3;8.45157e-15;0;0;0;0;0;0;0;0;0.359913;-3.1003e-14;0.4;-1.55154e-14;0;4000;0;0;
79;1440642009;0.3;8.45157e-15;0;0;0;0;0;0;0;0;0.359921;2.43139e-14;0.4;-1.55154e-14;0;4000;0;0;
80;1440642009;0.3;8.45157e-15;0;0;0;0;0;0;0;0;0.359929;-8.54872e-15;0.4;-1.55154e-14;0;4000;0;0;
81;1440642009;0.3;8.45157e-15;0;0;0;0;0;0;0;0;0.359936;-1.52378e-14;0.4;-1.55154e-14;0;4000;0;0;
82;1440642009;0.3;8.45157e-15;0;0;0;0;0;0;0;0;0.359943;5.71765e-15;0.4;-1.55154e-14;0;4000;0;0;
83;1440642009;0.3;8.45157e-15;0;0;0;0;0;0;0;0;0.359948;1.31839e-14;0.4;-1.55154e-14;0;4000;0;0;
84;1440642009;0.3;8.45157e-15;0;0;0;0;0;0;0;0;0.359954;9.54792e-15;0.4;-1.55154e-14;0;4000;0;0;
85;1440642009;0.3;8.45157e-15;0;0;0;0;0;0;0;0;0.359958;-2.67286e-14;0.4;-1.55154e-14;0;4000;0;0;
86;1440642009;0.3;8.45157e-15;0;0;0;0;0;0;0;0;0.359962;-3.60822e-16;0.4;-1.55154e-14;0;4000;0;0;
87;1440642009;0.3;8.45157e-15;0;0;0;0;0;0;0;0;0.359966;-3.48055e-14;0.4;-1.55154e-14;0;4000;0;0;
88;1440642009;0.3;8.45157e-15;0;0;0;0;0;0;0;0;0.35997;-3.23908e-14;0.4;-1.55154e-14;0;4000;0;0;
89;1440642009;0.3;8.45157e-15;0;0;0;0;0;0;0;0;0.359973;2.63678e-15;0.4;-1.55154e-14;0;4000;0;0;
90;1440642009;0.3;8.45157e-15;0;0;0;0;0;0;0;0;0.359975;-1.94289e-16;0.4;-1.55154e-14;0;4000;0;0;
91;1440642009;0.3;8.45157e-15;0;0;0;0;0;0;0;0;0.359978;-4.996e-15;0.4;-1.55154e-14;0;4000;0;0;
92;1440642009;0.3;8.45157e-15;0;0;0;0;0;0;0;0;0.35998;6.80012e-15;0.4;-1.55154e-14;0;4000;0;0;
93;1440642009;0.3;8.45157e-15;0;0;0;0;0;0;0;0;0.359982;-3.10862e-15;0.4;-1.55154e-14;0;4000;0;0;
94;1440642009;0.3;8.45157e-15;0;0;0;0;0;0;0;0;0.359984;1.39611e-14;0.4;-1.55154e-14;0;4000;0;0;
95;1440642009;0.3;8.45157e-15;0;0;0;0;0;0;0;0;0.359985;-2.21212e-14;0.4;-1.55154e-14;0;4000;0;0;
96;1440642009;0.3;8.45157e-15;0;0;0;0;0;0;0;0;0.359987;4.46865e-15;0.4;-1.55154e-14;0;4000;0;0;
97;1440642009;0.3;8.45157e-15;0;0;0;0;0;0;0;0;0.359988;4.91274e-15;0.4;-1.55154e-14;0;4000;0;0;
98;1440642009;0.3;8.45157e-15;0;0;0;0;0;0;0;0;0.359989;1.54043e-14;0.4;-1.55154e-14;0;4000;0;0;
99;1440642009;0.3;8.45157e-15;0;0;0;0;0;0;0;0;0.35999;1.16573e-14;0.4;-1.55154e-14;0;4000;0;0;
100;1440642009;0.3;8.45157e-15;0;0;0;0;0;0;0;0;0.359991;-1.42664e-14;0.4;-1.55154e-14;0;4000;0;0;
101;1440642009;0.3;8.45157e-15;0;0;0;0;0;0;0;0;0.359992;-8.96505e-15;0.4;-1.55154e-14;0;4000;0;0;
102;1440642009;0.3;8.45157e-15;0;0;0;0;0;0;0;0;0.359993;8.32667e-16;0.4;-1.55154e-14;0;4000;0;0;
103;1440642009;0.3;8.45157e-15;0;0;0;0;0;0;0;0;0.359994;-1.44051e-14;0.4;-1.55154e-14;0;4000;0;0;
104;1440642009;0.3;8.45157e-15;0;0;0;0;0;0;0;0;0.359994;-1.55431e-15;0.4;-1.55154e-14;0;4000;0;0;
105;1440642009;0.3;8.45157e-15;0;0;0;0;0;0;0;0;0.359995;-3.58047e-15;0.4;-1.55154e-14;0;4000;0;0;
106;1440642009;0.3;8.45157e-15;0;0;0;0;0;0;0;0;0.359995;9.71445e-16;0.4;-1.55154e-14;0;4000;0;0;
107;1440642009;0.3;8.45157e-15;0;0;0;0;0;0;0;0;0.359996;8.52096e-15;0.4;-1.55154e-14;0;4000;0;0;
108;1440642009;0.3;8.45157e-15;0;0;0;0;0;0;0;0;0.359996;-6.10623e-15;0.4;-1.55154e-14;0;4000;0;0;
109;1440642009;0.3;8.45157e-15;0;0;0;0;0;0;0;0;0.359997;-3.77476e-15;0.4;-1.55154e-14;0;4000;0;0;
110;1440642009;0.3;8.45157e-15;0;0;0;0;0;0;0;0;0.359997;-2.99205e-14;0.4;-1.55154e-14;0;4000;0;0;
111;1440642009;0.3;8.45157e-15;0;0;0;0;0;0;0;0;0.359997;-8.32667e-16;0.4;-1.55154e-14;0;4000;0;0;
112;1440642009;0.3;8.45157e-15;0;0;0;0;0;0;0;0;0.359998;1.85962e-15;0.4;-1.55154e-14;0;4000;0;0;
113;1440642009;0.3;8.45157e-15;0;0;0;0;0;0;0;0;0.359998;1.06581e-14;0.4;-1.55154e-14;0;4000;0;0;
114;1440642009;0.3;8.45157e-15;0;0;0;0;0;0;0;0;0.359998;5.46785e-15;0.4;-1.55154e-14;0;4000;0;0;
115;1440642009;0.3;8.45157e-15;0;0;0;0;0;0;0;0;0.359998;-8.02136e-15;0.4;-1.55154e-14;0;4000;0;0;
116;1440642009;0.3;8.45157e-15;0;0;0;0;0;0;0;0;0.359998;1.20459e-14;0.4;-1.55154e-14;0;4000;0;0;
117;1440642009;0.3;8.45157e-15;0;0;0;0;0;0;0;0;0.359999;2.10942e-14;0.4;-1.55154e-14;0;4000;0;0;
118;1440642009;0.3;8.45157e-15;0;0;0;0;0;0;0;0;0.359999;-1.53488e-14;0.4;-1.55154e-14;0;4000;0;0;
119;1440642009;0.3;8.45157e-15;0;0;0;0;0;0;0;0;0.359999;1.21292e-14;0.4;-1.55154e-14;0;4000;0;0;
120;1440642009;0.3;8.45157e-15;0;0;0;0;0;0;0;0;0.359999;1.2601e-14;0.4;-1.55154e-14;0;4000;0;0;
121;1440642009;0.3;8.45157e-15;0;0;0;0;0;0;0;0;0.359999;-1.91513e-15;0.4;-1.55154e-14;0;4000;0;0;
122;1440642009;0.3;8.45157e-15;0;0;0;0;0;0;0;0;0.359999;1.7486e-15;0.4;-1.55154e-14;0;4000;0;0;
123;1440642009;0.3;8.45157e-15;0;0;0;0;0;0;0;0;0.359999;2.34535e-14;0.4;-1.55154e-14;0;4000;0;0;
124;1440642009;0.3;8.45157e-15;0;0;0;0;0;0;0;0;0.359999;-3.85803e-15;0.4;-1.55154e-14;0;4000;0;0;
125;1440642009;0.3;8.45157e-15;0;0;0;0;0;0;0;0;0.359999;-1.21292e-14;0.4;-1.55154e-14;0;4000;0;0;
126;1440642009;0.3;8.45157e-15;0;0;0;0;0;0;0;0;0.359999;-5.4956e-15;0.4;-1.55154e-14;0;4000;0;0;
127;1440642009;0.3;8.45157e-15;0;0;0;0;0;0;0;0;0.359999;2.12885e-14;0.4;-1.55154e-14;0;4000;0;0;
128;1440642009;0.3;8.45157e-15;0;0;0;0;0;0;0;0;0.36;-1.7264e-14;0.4;-1.55154e-14;0;4000;0;0;
129;1440642009;0.3;8.45157e-15;0;0;0;0;0;0;0;0;0.36;3.24185e-14;0.4;-1.55154e-14;0;4000;0;0;
130;1440642009;0.3;8.45157e-15;0;0;0;0;0;0;0;0;0.36;2.17326e-14;0.4;-1.55154e-14;0;4000;0;0;
131;1440642009;0.3;8.45157e-15;0;0;0;0;0;0;0;0;0.36;-9.15934e-15;0.4;-1.55154e-14;0;4000;0;0;
132;1440642009;0.3;8.45157e-15;0;0;0;0;0;0;0;0;0.36;1.6015e-14;0.4;-1.55154e-14;0;4000;0;0;
133;1440642009;0.3;8.45157e-15;0;0;0;0;0;0;0;0;0.36;4.16334e-15;0.4;-1.55154e-14;0;4000;0;0;
134;1440642009;0.3;8.45157e-15;0;0;0;0;0;0;0;0;0.36;1.33227e-15;0.4;-1.55154e-14;0;4000;0;0;
135;1440642009;0.3;8.45157e-15;0;0;0;0;0;0;0;0;0.36;1.57929e-14;0.4;-1.55154e-14;0;4000;0;0;
136;1440642009;0.3;8.45157e-15;0;0;0;0;0;0;0;0;0.36;3.46945e-15;0.4;-1.55154e-14;0;4000;0;0;
137;1440642009;0.3;8.45157e-15;0;0;0;0;0;0;0;0;0.36;1.88738e-15;0.4;-1.55154e-14;0;4000;0;0;
138;1440642009;0.3;8.45157e-15;0;0;0;0;0;0;0;0;0.36;-6.63358e-15;0.4;-1.55154e-14;0;4000;0;0;
139;1440642009;0.3;8.45157e-15;0;0;0;0;0;0;0;0;0.36;1.94289e-16;0.4;-1.55154e-14;0;4000;0;0;
140;1440642009;0.3;8.45157e-15;0;0;0;0;0;0;0;0;0.36;1.50435e-14;0.4;-1.55154e-14;0;4000;0;0;
141;1440642009;0.3;8.45157e-15;0;0;0;0;0;0;0;0;0.36;4.60743e-15;0.4;-1.55154e-14;0;4000;0;0;
142;1440642009;0.3;8.45157e-15;0;0;0;0;0;0;0;0;0.36;5.13478e-15;0.4;-1.55154e-14;0;4000;0;0;
143;1440642009;0.3;8.45157e-15;0;0;0;0;0;0;0;0;0.36;2.45914e-14;0.4;-1.55154e-14;0;4000;0;0;
144;1440642009;0.3;8.45157e-15;0;0;0;0;0;0;0;0;0.36;-1.83187e-14;0.4;-1.55154e-14;0;4000;0;0;
145;1440642009;0.3;8.45157e-15;0;0;0;0;0;0;0;0;0.36;1.94289e-15;0.4;-1.55154e-14;0;4000;0;0;
146;1440642009;0.3;8.45157e-15;0;0;0;0;0;0;0;0;0.36;-2.33147e-15;0.4;-1.55154e-14;0;4000;0;0;
147;1440642009;0.3;8.45157e-15;0;0;0;0;0;0;0;0;0.36;1.58484e-14;0.4;-1.55154e-14;0;4000;0;0;
148;1440642009;0.3;8.45157e-15;0;0;0;0;0;0;0;0;0.36;1.53488e-14;0.4;-1.55154e-14;0;4000;0;0;
149;1440642009;0.3;8.45157e-15;0;0;0;0;0;0;0;0;0.36;-4.16334e-16;0.4;-1.55154e-14;0;4000;0;0;
150;1440642009;0.3;8.45157e-15;0;0;0;0;0;0;0;0;0.36;-6.27276e-15;0.4;-1.55154e-14;0;4000;0;0;
151;1440642009;0.3;8.45157e-15;0;0;0;0;0;0;0;0;0.36;2.50078e-14;0.4;-1.55154e-14;0;4000;0;0;
152;1440642009;0.3;8.45157e-15;0;0;0;0;0;0;0;0;0.36;1.77081e-14;0.4;-1.55154e-14;0;4000;0;0;
153;1440642009;0.3;8.45157e-15;0;0;0;0;0;0;0;0;0.36;2.28706e-14;0.4;-1.55154e-14;0;4000;0;0;
154;1440642009;0.3;8.45157e-15;0;0;0;0;0;0;0;0;0.36;-4.85723e-15;0.4;-1.55154e-14;0;4000;0;0;
155;1440642009;0.3;8.45157e-15;0;0;0;0;0;0;0;0;0.36;-4.52416e-15;0.4;-1.55154e-14;0;4000;0;0;
156;1440642009;0.3;8.45157e-15;0;0;0;0;0;0;0;0;0.36;1.14075e-14;0.4;-1.55154e-14;0;4000;0;0;
157;1440642009;0.3;8.45157e-15;0;0;0;0;0;0;0;0;0.36;3.55271e-15;0.4;-1.55154e-14;0;4000;0;0;
158;1440642009;0.3;8.45157e-15;0;0;0;0;0;0;0;0;0.36;-8.10463e-15;0.4;-1.55154e-14;0;4000;0;0;
159;1440642009;0.3;8.45157e-15;0;0;0;0;0;0;0;0;0.36;-2.18436e-14;0.4;-1.55154e-14;0;4000;0;0;
160;1440642009;0.3;8.45157e-15;0;0;0;0;0;0;0;0;0.36;9.82547e-15;0.4;-1.55154e-14;0;4000;0;0;
161;1440642009;0.3;8.45157e-15;0;0;0;0;0;0;0;0;0.36;5.52336e-15;0.4;-1.55154e-14;0;4000;0;0;
162;1440642009;0.3;8.45157e-15;0;0;0;0;0;0;0;0;0.36;3.19189e-15;0.4;-1.55154e-14;0;4000;0;0;
163;1440642009;0.3;8.45157e-15;0;0;0;0;0;0;0;0;0.36;8.54872e-15;0.4;-1.55154e-14;0;4000;0;0;
164;1440642009;0.3;8.45157e-15;0;0;0;0;0;0;0;0;0.36;-8.82627e-15;0.4;-1.55154e-14;0;4000;0;0;
165;1440642009;0.3;8.45157e-15;0;0;0;0;0;0;0;0;0.36;2.15106e-14;0.4;-1.55154e-14;0;4000;0;0;
166;1440642009;0.3;8.45157e-15;0;0;0;0;0;0;0;0;0.36;2.05114e-14;0.4;-1.55154e-14;0;4000;0;0;
167;1440642009;0.3;8.45157e-15;0;0;0;0;0;0;0;0;0.36;2.52576e-15;0.4;-1.55154e-14;0;4000;0;0;
168;1440642009;0.3;8.45157e-15;0;0;0;0;0;0;0;0;0.36;1.87905e-14;0.4;-1.55154e-14;0;4000;0;0;
169;1440642009;0.3;8.45157e-15;0;0;0;0;0;0;0;0;0.36;-3.27516e-15;0.4;-1.55154e-14;0;4000;0;0;
170;1440642009;0.3;8.45157e-15;0;0;0;0;0;0;0;0;0.36;5.46785e-15;0.4;-1.55154e-14;0;4000;0;0;
171;1440642009;0.3;8.45157e-15;0;0;0;0;0;0;0;0;0.36;-1.3739e-14;0.4;-1.55154e-14;0;4000;0;0;
172;1440642009;0.3;8.45157e-15;0;0;0;0;0;0;0;0;0.36;-5.93969e-15;0.4;-1.55154e-14;0;4000;0;0;
173;1440642009;0.3;8.45157e-15;0;0;0;0;0;0;0;0;0.36;-1.93456e-14;0.4;-1.55154e-14;0;4000;0;0;
174;1440642009;0.3;8.45157e-15;0;0;0;0;0;0;0;0;0.36;-8.82627e-15;0.4;-1.55154e-14;0;4000;0;0;
175;1440642009;0.3;8.45157e-15;0;0;0;0;0;0;0;0;0.36;7.54952e-15;0.4;-1.55154e-14;0;4000;0;0;
176;1440642009;0.3;8.45157e-15;0;0;0;0;0;0;0;0;0.36;1.70697e-14;0.4;-1.55154e-14;0;4000;0;0;
177;1440642009;0.3;8.45157e-15;0;0;0;0;0;0;0;0;0.36;3.08087e-15;0.4;-1.55154e-14;0;4000;0;0;
178;1440642009;0.3;8.45157e-15;0;0;0;0;0;0;0;0;0.36;-9.29812e-15;0.4;-1.55154e-14;0;4000;0;0;
179;1440642009;0.3;8.45157e-15;0;0;0;0;0;0;0;0;0.36;-1.78191e-14;0.4;-1.55154e-14;0;4000;0;0;
180;1440642009;0.3;8.45157e-15;0;0;0;0;0;0;0;0;0.36;4.94049e-15;0.4;-1.55154e-14;0;4000;0;0;
181;1440642009;0.3;8.45157e-15;0;0;0;0;0;0;0;0;0.36;6.4948e-15;0.4;-1.55154e-14;0;4000;0;0;
182;1440642009;0.3;8.45157e-15;0;0;0;0;0;0;0;0;0.36;1.31284e-14;0.4;-1.55154e-14;0;4000;0;0;
183;1440642009;0.3;8.45157e-15;0;0;0;0;0;0;0;0;0.36;-6.41154e-15;0.4;-1.55154e-14;0;4000;0;0;
184;1440642009;0.3;8.45157e-15;0;0;0;0;0;0;0;0;0.36;5.93969e-15;0.4;-1.55154e-14;0;4000;0;0;
185;1440642009;0.3;8.45157e-15;0;0;0;0;0;0;0;0;0.36;-5.82867e-15;0.4;-1.55154e-14;0;4000;0;0;
186;1440642009;0.3;8.45157e-15;0;0;0;0;0;0;0;0;0.36;-1.49047e-14;0.4;-1.55154e-14;0;4000;0;0;
187;1440642009;0.3;8.45157e-15;0;0;0;0;0;0;0;0;0.36;1.89571e-14;0.4;-1.55154e-14;0;4000;0;0;
188;1440642009;0.3;8.45157e-15;0;0;0;0;0;0;0;0;0.36;-7.74381e-15;0.4;-1.55154e-14;0;4000;0;0;
189;1440642009;0.3;8.45157e-15;0;0;0;0;0;0;0;0;0.36;-1.21292e-14;0.4;-1.55154e-14;0;4000;0;0;
190;1440642009;0.3;8.45157e-15;0;0;0;0;0;0;0;0;0.36;2.8727e-14;0.4;-1.55154e-14;0;4000;0;0;
191;1440642009;0.3;8.45157e-15;0;0;0;0;0;0;0;0;0.36;-1.83187e-14;0.4;-1.55154e-14;0;4000;0;0;
192;1440642009;0.3;8.45157e-15;0;0;0;0;0;0;0;0;0.36;-3.4972e-15;0.4;-1.55154e-14;0;4000;0;0;
193;1440642009;0.3;8.45157e-15;0;0;0;0;0;0;0;0;0.36;-1.05194e-14;0.4;-1.55154e-14;0;4000;0;0;
194;1440642009;0.3;8.45157e-15;0;0;0;0;0;0;0;0;0.36;-7.74381e-15;0.4;-1.55154e-14;0;4000;0;0;
195;1440642009;0.3;8.45157e-15;0;0;0;0;0;0;0;0;0.36;-1.24345e-14;0.4;-1.55154e-14;0;4000;0;0;
196;1440642009;0.3;8.45157e-15;0;0;0;0;0;0;0;0;0.36;6.88338e-15;0.4;-1.55154e-14;0;4000;0;0;
197;1440642009;0.3;8.45157e-15;0;0;0;0;0;0;0;0;0.36;1.70142e-14;0.4;-1.55154e-14;0;4000;0;0;
198;1440642009;0.3;8.45157e-15;0;0;0;0;0;0;0;0;0.36;1.15186e-14;0.4;-1.55154e-14;0;4000;0;0;
199;1440642009;0.3;8.45157e-15;0;0;0;0;0;0;0;0;0.36;7.99361e-15;0.4;-1.55154e-14;0;4000;0;0;
200;1440642009;0.3;8.45157e-15;0;0;0;0;0;0;0;0;0.36;1.57374e-14;0.4;-1.55154e-14;0;4000;0;0;
201;1440642009;0.3;8.45157e-15;0;0;0;0;0;0;0;0;0.36;2.498e-15;0.4;-1.55154e-14;0;4000;0;0;
202;1440642009;0.3;8.45157e-15;0;0;0;0;0;0;0;0;0.36;6.05072e-15;0.4;-1.55154e-14;0;4000;0;0;
203;1440642009;0.3;8.45157e-15;0;0;0;0;0;0;0;0;0.36;-6.245e-15;0.4;-1.55154e-14;0;4000;0;0;
204;1440642009;0.3;8.45157e-15;0;0;0;0;0;0;0;0;0.36;-7.91034e-15;0.4;-1.55154e-14;0;4000;0;0;
205;1440642009;0.3;8.45157e-15;0;0;0;0;0;0;0;0;0.36;-1.01308e-14;0.4;-1.55154e-14;0;4000;0;0;
206;1440642009;0.3;8.45157e-15;0;0;0;0;0;0;0;0;0.36;2.48135e-14;0.4;-1.55154e-14;0;4000;0;0;
207;1440642009;0.3;8.45157e-15;0;0;0;0;0;0;0;0;0.36;-2.41196e-14;0.4;-1.55154e-14;0;4000;0;0;
208;1440642009;0.3;8.45157e-15;0;0;0;0;0;0;0;0;0.36;-4.16334e-15;0.4;-1.55154e-14;0;4000;0;0;
209;1440642009;0.3;8.45157e-15;0;0;0;0;0;0;0;0;0.36;2.33147e-15;0.4;-1.55154e-14;0;4000;0;0;
210;1440642009;0.3;8.45157e-15;0;0;0;0;0;0;0;0;0.36;-3.38618e-15;0.4;-1.55154e-14;0;4000;0;0;
211;1440642009;0.3;8.45157e-15;0;0;0;0;0;0;0;0;0.36;-1.16573e-15;0.4;-1.55154e-14;0;4000;0;0;
212;1440642009;0.3;8.45157e-15;0;0;0;0;0;0;0;0;0.36;-1.30451e-14;0.4;-1.55154e-14;0;4000;0;0;
213;1440642009;0.3;8.45157e-15;0;0;0;0;0;0;0;0;0.36;-2.19269e-14;0.4;-1.55154e-14;0;4000;0;0;
214;1440642009;0.3;8.45157e-15;0;0;0;0;0;0;0;0;0.36;1.93734e-14;0.4;-1.55154e-14;0;4000;0;0;
215;1440642009;0.3;8.45157e-15;0;0;0;0;0;0;0;0;0.36;8.79852e-15;0.4;-1.55154e-14;0;4000;0;0;
216;1440642009;0.3;8.45157e-15;0;0;0;0;0;0;0;0;0.36;2.15383e-14;0.4;-1.55154e-14;0;4000;0;0;
217;1440642009;0.3;8.45157e-15;0;0;0;0;0;0;0;0;0.36;-3.29181e-14;0.4;-1.55154e-14;0;4000;0;0;
218;1440642009;0.3;8.45157e-15;0;0;0;0;0;0;0;0;0.36;-1.25455e-14;0.4;-1.55154e-14;0;4000;0;0;
219;1440642009;0.3;8.45157e-15;0;0;0;0;0;0;0;0;0.36;-1.96232e-14;0.4;-1.55154e-14;0;4000;0;0;
220;1440642009;0.3;8.45157e-15;0;0;0;0;0;0;0;0;0.36;1.47105e-14;0.4;-1.55154e-14;0;4000;0;0;
221;1440642009;0.3;8.45157e-15;0;0;0;0;0;0;0;0;0.36;2.83107e-14;0.4;-1.55154e-14;0;4000;0;0;
222;1440642009;0.3;8.45157e-15;0;0;0;0;0;0;0;0;0.36;7.27196e-15;0.4;-1.55154e-14;0;4000;0;0;
223;1440642009;0.3;8.45157e-15;0;0;0;0;0;0;0;0;0.36;1.50435e-14;0.4;-1.55154e-14;0;4000;0;0;
224;1440642009;0.3;8.45157e-15;0;0;0;0;0;0;0;0;0.36;1.76248e-14;0.4;-1.55154e-14;0;4000;0;0;
225;1440642009;0.3;8.45157e-15;0;0;0;0;0;0;0;0;0.36;-1.21292e-14;0.4;-1.55154e-14;0;4000;0;0;
226;1440642009;0.3;8.45157e-15;0;0;0;0;0;0;0;0;0.36;1.16296e-14;0.4;-1.55154e-14;0;4000;0;0;
227;1440642009;0.3;8.45157e-15;0;0;0;0;0;0;0;0;0.36;-3.88578e-16;0.4;-1.55154e-14;0;4000;0;0;
228;1440642009;0.3;8.45157e-15;0;0;0;0;0;0;0;0;0.36;-8.52096e-15;0.4;-1.55154e-14;0;4000;0;0;
229;1440642009;0.3;8.45157e-15;0;0;0;0;0;0;0;0;0.36;1.46549e-14;0.4;-1.55154e-14;0;4000;0;0;
230;1440642009;0.3;8.45157e-15;0;0;0;0;0;0;0;0;0.36;-6.46705e-15;0.4;-1.55154e-14;0;4000;0;0;
231;1440642009;0.3;8.45157e-15;0;0;0;0;0;0;0;0;0.36;1.67366e-14;0.4;-1.55154e-14;0;4000;0;0;
232;1440642009;0.3;8.45157e-15;0;0;0;0;0;0;0;0;0.36;-5.80092e-15;0.4;-1.55154e-14;0;4000;0;0;
233;1440642009;0.3;8.45157e-15;0;0;0;0;0;0;0;0;0.36;1.93456e-14;0.4;-1.55154e-14;0;4000;0;0;
234;1440642009;0.3;8.45157e-15;0;0;0;0;0;0;0;0;0.36;2.91989e-14;0.4;-1.55154e-14;0;4000;0;0;
235;1440642009;0.3;8.45157e-15;0;0;0;0;0;0;0;0;0.36;7.52176e-15;0.4;-1.55154e-14;0;4000;0;0;
236;1440642009;0.3;8.45157e-15;0;0;0;0;0;0;0;0;0.36;-2.37865e-14;0.4;-1.55154e-14;0;4000;0;0;
237;1440642009;0.3;8.45157e-15;0;0;0;0;0;0;0;0;0.36;1.73472e-14;0.4;-1.55154e-14;0;4000;0;0;
238;1440642009;0.3;8.45157e-15;0;0;0;0;0;0;0;0;0.36;-4.996e-16;0.4;-1.55154e-14;0;4000;0;0;
239;1440642009;0.3;8.45157e-15;0;0;0;0;0;0;0;0;0.36;4.996e-16;0.4;-1.55154e-14;0;4000;0;0;
240;1440642009;0.3;8.45157e-15;0;0;0;0;0;0;0;0;0.36;-5.55112e-17;0.4;-1.55154e-14;0;4000;0;0;
241;1440642009;0.3;8.45157e-15;0;0;0;0;0;0;0;0;0.36;1.62648e-14;0.4;-1.55154e-14;0;4000;0;0;
242;1440642009;0.3;8.45157e-15;0;0;0;0;0;0;0;0;0.36;1.9873e-14;0.4;-1.55154e-14;0;4000;0;0;
243;1440642009;0.3;8.45157e-15;0;0;0;0;0;0;0;0;0.36;-1.45717e-14;0.4;-1.55154e-14;0;4000;0;0;
244;1440642009;0.3;8.45157e-15;0;0;0;0;0;0;0;0;0.36;-1.59872e-14;0.4;-1.55154e-14;0;4000;0;0;
